4294967278,160
4294967279,160
4294967278,159
4294967294,436
4294967278,384
4294967279,568
4294967278,157
4294967278,374
4294967278,155
4294967279,154
4294967278,153
4294967278,297
4294967278,151
4294967278,296
4294967278,149
4294967279,315
4294967278,294
4294967293,131
4294967293,130
4294967293,129
4294967293,128
4294967293,127
4294967293,126
4294967293,125
4294967293,124
4294967293,123
4294967293,122
4294967293,121
4294967293,120
4294967293,119
4294967293,118
4294967293,117
4294967293,116
4294967293,115
4294967293,114
4294967293,113
4294967293,112
4294967293,111
4294967293,110
4294967293,109
4294967293,108
4294967293,107
4294967293,106
4294967293,105
4294967293,104
4294967293,103
4294967293,102
4294967293,101
4294967293,100
4294967293,99
4294967293,98
4294967293,97
4294967293,96
4294967293,95
4294967293,94
4294967293,93
4294967293,92
4294967293,91
4294967293,90
4294967293,89
4294967293,87
4294967293,86
4294967293,85
4294967293,84
4294967293,83
4294967293,82
4294967293,81
4294967293,80
4294967293,79
4294967293,78
4294967293,77
4294967293,76
4294967293,75
4294967293,74
4294967293,73
4294967293,72
4294967293,71
4294967293,70
4294967293,69
4294967293,68
4294967293,67
4294967293,66
4294967293,65
4294967293,64
4294967293,63
4294967293,62
4294967293,61
4294967293,60
4294967293,59
4294967293,58
4294967293,57
4294967293,56
4294967293,55
4294967293,54
4294967293,53
4294967293,52
4294967293,51
4294967293,50
4294967293,49
4294967293,48
4294967293,47
4294967293,46
4294967293,45
4294967293,44
4294967293,43
4294967293,42
4294967293,41
4294967293,40
4294967293,39
4294967293,38
4294967293,37
4294967293,36
4294967293,35
4294967293,34
4294967293,33
4294967293,32
4294967293,31
4294967293,30
4294967293,29
4294967293,28
4294967293,27
4294967293,26
4294967293,25
4294967293,24
4294967293,23
4294967293,22
4294967293,21
4294967293,20
4294967293,19
4294967293,18
4294967293,17
4294967293,16
4294967293,15
4294967293,14
4294967293,13
4294967293,12
4294967293,11
4294967293,10
4294967293,9
4294967293,8
4294967293,7
4294967293,6
4294967293,5
4294967293,4
4294967293,3
4294967279,102
4294967279,101
4294967279,100
4294967279,99
4294967279,98
4294967279,97
4294967279,96
4294967279,95
4294967279,94
4294967279,93
4294967279,92
4294967279,91
4294967279,90
4294967279,89
4294967279,87
4294967279,86
4294967279,85
4294967279,84
4294967279,83
4294967279,82
4294967279,81
4294967279,80
4294967278,318
4294967279,288
4294967278,319
4294967278,145
4294967278,144
4294967278,143
4294967278,315
4294967278,141
4294967278,139
4294967278,138
4294967278,277
4294967278,136
4294967278,135
4294967294,1419
4294967278,134
4294967278,311
4294967279,268
4294967278,310
4294967279,270
4294967279,269
4294967278,284
4294967279,283
4294967278,287
4294967294,1421
4294967294,1420
4294967294,1032
4294967294,195
4294967294,193
4294967278,274
4294967278,286
4294967278,273
4294967278,270
4294967278,269
65,6
65,5
4294967278,268
65,4
65,3
65,2
65,1
4294967278,267
4294967278,13
4294967278,12
4294967278,11
4294967278,8
4294967278,6
4294967278,5
4294967278,4
4294967279,132
4294967279,130
4294967279,129
4294967279,128
4294967279,127
4294967279,126
4294967279,125
4294967279,123
4294967279,122
4294967279,121
4294967279,120
4294967279,118
4294967279,117
4294967279,240
4294967279,116
4294967279,527
4294967279,115
4294967279,114
4294967279,113
4294967279,112
4294967279,111
4294967279,230
4294967279,110
4294967279,109
4294967279,108
4294967279,107
4294967279,106
4294967279,220
4294967279,105
4294967279,104
4294967279,103
4294967279,260
4294967279,131
4294967278,10
4294967278,371
4294967278,9
4294967278,308
4294967278,280
4294967278,264
4294967278,7
4294967278,285
4294967278,263
4294967279,256
4294967279,274
4294967278,262
4294967279,255
4294967278,278
4294967279,540
4294967279,541
4294967279,562
4294967279,539
4294967278,368
4294967279,536
4294967278,348
4294967279,560
4294967294,397
4294967294,412
4294967294,177
4294967294,168
4294967294,443
4294967294,453
4294967294,108
4294967294,116
4294967279,535
4294967279,124
4294967279,534
62,4
4294967279,533
62,3
62,2
62,1
4294967279,532
4294967279,559
4294967279,246
4294967278,383
4294967279,250
4294967278,253
4294967279,249
61,4
61,3
61,2
61,1
4294967279,248
4294967278,248
4294967279,247
4294967294,1417
4294967278,242
4294967279,119
60,6
4294967278,238
60,5
4294967278,236
60,4
4294967278,234
60,3
60,2
60,1
4294967278,226
59,5
4294967278,224
4294967278,222
59,4
59,3
59,2
59,1
4294967278,218
4294967278,217
58,5
4294967278,212
58,4
58,3
58,2
58,1
4294967278,337
4294967279,281
4294967278,336
4294967278,335
57,5
57,4
57,3
57,2
57,1
4294967279,273
4294967294,468
4294967278,366
4294967279,575
4294967278,365
